begin vertices
0 340 390
1 301 30
2 413 157
3 362 341
4 234 70.9999
5 18 167
6 178 98
7 182 495
8 5 103
9 510 185
10 331 51
11 524 302
12 540 32
13 624 259
14 588 123
15 77 236
16 646 460
17 48 74
18 357 36
19 609 26
20 52 21
21 629 227
22 0 224
23 649 82
24 221 303
25 15 415
26 107 134
27 436 341
28 275 353
29 8 352
30 171 222
31 480 223
32 86 166
33 658 341
34 373 428
35 378 4
36 571 166
37 195 250
38 212 395
39 523 175
40 638 440
41 310 182
42 610.9999 489
43 271 365
44 469 473
45 171.9999 74
46 408 299
47 192 390
48 5 465
49 125 54.9999
50 661 218
51 248 288
52 522 481
53 589 335
54 260 231
55 390 42
56 699 307
57 484 297
58 321 298
59 412 95
60 171.9999 29
61 554 68
62 4 135
63 627 276
64 460 420
65 429 199
66 143 304
67 661 21
68 683 88
69 131 20
70 223 40
71 326 495
72 545 346
73 405 46
74 159 87
75 582 472
76 6 24
77 407 351
78 390 496
79 202 283
80 200 453
81 479 458
82 512 195
83 579 295
84 572 69
85 391 23
86 273 428
87 530 429
88 409 248
89 556 479
90 443 125
91 206 333
92 263 14
93 533 206
94 638 476
95 66 349
96 25 399
97 363 440
98 479 53
99 303 462
100 177 373
101 503.9999 359
102 193 128
103 626 420
104 676 316
105 19 180
106 182 259.9999
107 180 1
108 264 247
109 227 186
110 624 137
111 85 95
112 181 433
113 645 35
114 173 134
115 78 368
116 654 353
117 360 197
118 348 429
119 299 60
120 364 166
121 169 491
122 57 327
123 542 357
124 591 162
125 487 206
126 345.9999 10
127 223 96
128 390 406
129 681 463
130 279 114
131 693 409
132 544 10
133 295 238
134 290 355
135 396 374
136 559 138
137 348 322
138 199 318
139 316 83
140 501 215
141 444 358
142 211 187
143 184 410
144 90 178
145 325 246
146 692 275
147 669 494
148 623 45
149 184 470
150 327 146
151 458 223
152 79 307
153 25 492
154 487 374
155 278 299
156 554 218
157 420 441
158 659 166
159 271 76
160 612 156
161 441 202
162 541 233
163 595 50
164 551 435
165 11 480
166 146 31
167 242 8
168 232 116
169 571 137
170 118 373
171 113 150
172 636 414
173 141 146
174 632 323
175 454 44
176 553 415
177 238.9999 45
178 377 322
179 569 6
180 430 420
181 240 102
182 275 16
183 557 85
184 46 467
185 515 72
186 431 284
187 387.9999 98
188 447 4
189 62 439
190 196 80
191 121 232
192 403 282.9999
193 395 469
194 624 211
195 89 274
196 484 321
197 564 221
198 67.9999 479
199 453 122
200 168 430
201 440 455
202 252 394
203 164 54.9999
204 39 490
205 75 77
206 337 432
207 639 494
208 400 482
209 637 213
210 218.9999 174
211 460 166
212 371 237.9999
213 394 389
214 158 376
215 696 220
216 144 180
217 246 216
218 160 339
219 454 463
220 120 10
221 142 291
222 210 345
223 221 348
224 581 406
225 331 132
226 26 290
227 497 89
228 159 163
229 331 318
230 308 497
231 330 215
232 479 386
233 130 104
234 6 400
235 220 457
236 310 382
237 333 332
238 530 98
239 679 392
240 669 9
241 140 89
242 286 192
243 33 225
244 231 351
245 498 100
246 472 21
247 564 297
248 163 248
249 220 83
250 302 354
251 243 437
252 594 211
253 170 236.9999
254 695 195
255 186 66
256 532 69
257 636 7
258 699 78
259 238 143
260 470 7
261 264 454
262 235 57
263 23 244
264 563 105
265 397 62
266 116 122
267 693 362
268 1 5
269 285 284
270 442 104
271 531 53
272 604 202
273 697 321
274 213 269
275 13 258
276 312 126
277 243 483
278 655 366
279 661 312
280 70 150
281 76 27.9999
282 511 147
283 215 358
284 100 43
285 643 305
286 267 146
287 78 125
288 431 105
289 589 60
290 419 259
291 247 61
292 31 12
293 359 81
294 17 385
295 508 229
296 130.9999 300
297 585 456
298 413 369
299 274 170
300 515 436
301 467 449
302 287 63
303 342 490
304 80 353
305 561 320
306 661.9999 142
307 580 108
308 473 430
309 208 146
310 418 37
311 412 476
312 602 90
313 31 205
314 9 434
315 367 362
316 295 372
317 276 133
318 82 248.9999
319 299 225
320 647 333
321 531 467
322 560 178
323 31 45
324 292 428
325 180 234
326 103 54
327 315 416.9999
328 394 186
329 314 243
330 31 417
331 252 71
332 575 358
333 502 304
334 147 214
335 659 188
336 96 195
337 500 431
338 228 330
339 95 377
340 128.9999 69
341 221 197
342 436 42
343 166 210
344 83 483
345 260 205
346 429 471
347 211 101
348 361 297
349 132 468
350 142 397
351 630 377
352 678 231
353 617 390
354 187 165
355 334 185
356 597 145
357 598 467
358 645 122
359 296 207
360 194 187
361 262 282
362 175 315
363 499 140
364 237 464
365 656 408
366 295 400
367 156 349
368 691 432
369 359 456
370 451 306
371 532 273
372 495 29
373 402 403
374 205 130
375 447 272
376 396 146
377 221 244
378 337 24
379 16 44
380 460 394
381 402 169
382 329 480
383 314 453
384 357 139
385 297 159
386 663 239
387 251 252
388 49 390
389 484 187
390 234 243
391 280 494
392 219 18
393 328 358
394 31 348
395 665 374
396 283 78
397 614 222
398 448 181
399 171.9999 17
400 345 142
401 421 339
402 590 272
403 40 449.9999
404 305 140
405 50 219
406 79 442
407 605 404
408 576 430
409 411 314
410 519 127
411 676 241
412 146 361.9999
413 395 428
414 96 295
415 528.9999 18
416 109 217
417 619 378
418 124 417
419 110 339.9999
420 674 291
421 448 63
422 674 268
423 283 395
424 9 373.9999
425 483 82
426 508 460
427 225 129
428 637 403
429 361 15
430 685 219
431 579 440
432 456 353
433 692 114
434 24 86
435 206 13
436 541.9999 254
437 507 160
438 407 233
439 423 220.9999
440 408 77
441 679 190
442 65 7
443 117 33
444 95 362
445 364 106
446 37 128
447 205 35
448 410 111
449 507 382
450 543 214
451 215 371
452 673 333
453 616 326
454 40 188.9999
455 373 483
456 23 470
457 245 419
458 616 354
459 603 375
460 544.9999 497
461 205 302
462 384 371
463 5 116
464 348 254
465 528.9999 86
466 526 371
467 395 201
468 590 221
469 320 277
470 243 123
471 146 4
472 262 403
473 243 317
474 289 302
475 206 432
476 448 234.9999
477 633 181
478 393 158
479 430 354.9999
480 508 414
481 17 272
482 651 433
483 332 173.9999
484 170 344
485 437 53
486 412 129
487 592 196
488 161 263
489 313 157
490 115 359
491 239 269
492 655 115
493 573 347
494 388 240
495 121 288
496 386 269
497 14 294
498 144 373
499 341 236
500 666 256
501 107 459
502 633 99
503 280 156
504 456 18
505 274 267
506 306 475
507 339 452
508 386 52
509 626 196
510 93 151.9999
511 581 143
512 120 243
513 103 351
514 613 309
515 294 148
516 374 276
517 352 389
518 376 140
519 515 324
520 18 344
521 377 75
522 651 147
523 330 269
524 682 202
525 664 466
526 206 206
527 673 410
528 649 390
529 163 274.9999
530 371 125
531 277 448
532 104 398
533 58 199
534 645 202
535 158 394
536 66 99
537 334 99
538 646 229
539 225 288
540 338 68
541 192 348
542 343 42
543 506 248
544 169 291
545 268 331.9999
546 361 428
547 76 296
548 80 66
549 323 34
550 358 155
551 93 105
552 3 318
553 528 289
554 420 114
555 505 486
556 143 441.9999
557 554 371
558 482 101
559 63 255
560 534 315
561 103 311
562 555 449
563 284 2
564 549 325
565 99 433
566 290 476
567 341 160
568 512 285
569 340 408
570 251 467
571 137 50
572 464 54
573 671 114
574 195 416
575 308 341
576 458 374
577 499 6
578 51 155
579 114 72
580 156 313
581 377 415
582 580 496
583 260.9999 263
584 119 107
585 573 52
586 459 499
587 596 73
588 42 259
589 460 29
590 331 118
591 219 150
592 376 311
593 221 471
594 585 93
595 151 249
596 438 404
597 363 252.9999
598 310 56
599 347 209
600 0 210
601 526 163
602 141 342
603 520 3
604 88 406
605 370 91
606 568 28
607 505 22
608 68 385
609 485 433
610 695 382
611 538 376
612 661 88
613 556 37
614 555 495
615 660 420
616 417 410
617 10 227
618 495 334
619 680 52
620 691 5
621 61 267
622 303 277
623 270 211
624 319 109
625 228 409
626 133 493
627 124 444
628 145.9999 202
629 173 149
630 289 173
631 661 44
632 56.9999 184
633 74 171
634 477 354
635 168 453
636 107 492
637 621 9
638 469 249
639 585 314
640 127 479.9999
641 621 86
642 345.9999 269
643 46.9999 411
644 564 404
645 64 368
646 13 203
647 433 310
648 42 39
649 421 25
650 230.9999 439
651 681 347
652 258 367
653 644 379
654 460 327
655 395 319
656 522 401
657 566 236
658 415 177
659 226 424
660 187 152
661 193 431
662 490 230
663 479 149
664 453 140
665 603 179
666 381 393
667 396 220.9999
668 695 238
669 494 172
670 438 248
671 239 394
672 679.9999 437
673 686 157
674 606 443
675 34 433
676 464 281
677 289 250
678 481.9999 489
679 19 442
680 598 308
681 580 190
682 660 276
683 508 268
684 279 320
685 597 484
686 294 127
687 91 395
688 391 340
689 316 98
690 116 193
691 442 479
692 530 124.9999
693 602 336
694 389 353
695 680 63
696 85 427
697 547 388
698 322 226
699 80 341
700 108 278
701 510 447
702 531 136
703 598 113
704 306 287
705 274 181
706 361 180
707 184 293.9999
708 381.9999 191
709 595 437
710 253 99
711 635 262
712 156 66
713 293 15
714 133 114
715 611 460
716 60 119
717 364 316
718 297 85
719 254 156
720 241 380
721 316 352
722 348 471
723 111 259
724 402 4
725 243 183
726 362 50
727 44 92
728 614 296.9999
729 520 457
730 241 364
731 314 67
732 323 190
733 122 405
734 249 342
735 658 62
736 200 167
737 446 369
738 233 212
739 219 382
740 87 42
741 699 294
742 105 2
743 97 234
744 598 391
745 552 241
746 520 114
747 217 487
748 155 295
749 380 167.9999
750 375 440
751 110 442
752 229 370
753 82 458
754 368 210
755 677 24
756 146 190
757 434 328
758 608 248
759 632 154.9999
760 61 221
761 153 478
762 628 242
763 155 41
764 420 51
765 689 124
766 374 332
767 40 108
768 117 44
769 318 333
770 438 297
771 635 134
772 35 160
773 503.9999 57
774 160 101
775 198 496
776 174 59
777 669 345
778 28 388
779 99 419
780 74 495
781 547 335
782 515 497
783 623 340
784 611 470
785 280 101
786 133 208
787 109 82
788 98 94
789 96 484
790 569 459
791 599 350
792 339 369
793 301 2
794 465 64
795 402 31
796 204 67
797 423 390
798 490 404
799 74 283
800 421 71
801 117 469
802 192 218
803 449 318
804 16 329
805 375 250
806 425 487
807 117 170
808 123 142
809 170 410
810 344 335
811 222 208
812 425 209
813 580 21
814 80.9999 209
815 543 140
816 373 344
817 581 234
818 698 347
819 528 231
820 610 71.9999
821 461 84
822 297 266
823 217 118
824 643 188
825 644 108
826 399 450
827 185 108
828 57 165
829 537 114
830 187 26
831 575 40
832 535 174
833 128 125
834 518 87
835 165 5
836 609 9
837 237 167
838 144 430
839 186 317
840 22 221
841 223 265
842 183 195
843 76 11
844 476 415
845 565 190
846 648 279
847 6 85
848 37 177
849 29 70
850 487 446
851 268 499
852 195 367
853 612 112
854 64 242
855 140 262
856 161 193
857 425 299
858 131 362
859 336 256
860 399 104
861 378 225
862 411.9999 498
863 432 137
864 380 21
865 528 185
866 318 401
867 538 295
868 130 32
869 203 46
870 445 329
871 425 6
872 151 223.9999
873 688 495
874 132 174
875 634 457
876 462 296
877 156 115
878 692 50
879 513 425
880 394 294
881 81 321
882 162 361
883 298 110
884 494 474
885 356 361
886 529 416
887 471 130
888 651 246
889 559 383
890 571 200
891 404 439
892 61 33
893 633 365
894 697 209
895 191 275
896 250 144
897 70 111
898 366 70
899 83 187.9999
900 251 331
901 601 60
902 91 117
903 93 24
904 474 340
905 660 391
906 351 123
907 624 297
908 547 313
909 548 105
910 543 404
911 45 247
912 593 253
913 591 11
914 493 74
915 588 426
916 651 177
917 586 368
918 613 364
919 98 340
920 656 497
921 580 7
922 307 212
923 493 418
924 247 300
925 26 120
926 554 268
927 442 260
928 54 495
929 677 374
930 276 44
931 484 26
932 122 263
933 491 126
934 463 409
935 205 241
936 334 79
937 678 278
938 649 133
939 458 201
940 664 447
941 676 129
942 653 485
943 384 119
944 636 46
945 413 210
946 44 357
947 475 111
948 4 171
949 27 107
950 409 389
951 427 170
952 605 266
953 436 389
954 493 496
955 562 281
956 171 474
957 104 17
958 346 105
959 147 495
960 561 149
961 445 217
962 427 183
963 49 142
964 208 409
965 618 96
966 0 63
967 283 205
968 388 445
969 335 463
970 591 499
971 169 43
972 63 55
973 328 395
974 542 469
975 340 357
976 411 272
977 91 446
978 264 49
979 381 299
980 49 229
981 620 430
982 363 378.9999
983 507 338
984 420 140
985 479 170
986 379 458
987 213 281
988 263 24.9999
989 433 434
990 174 280
991 288 25
992 39 477
993 206 229
994 95 253
995 558 464
996 515 41
997 595 290
998 326 163
999 264 305
1000 331 200
1001 263 442
1002 303.9999 430
1003 194 334
1004 622 177
1005 191 483
1006 288 415
1007 48 371
1008 427 375
1009 685.9999 325
1010 521 146
1011 473 210
1012 553 296
1013 175 248
1014 363 3
1015 343 302
1016 524 195
1017 32 363
1018 670 166.9999
1019 680 478
1020 519 254
1021 317 362
1022 390 8
1023 248 452
1024 93 329
1025 600 276
1026 622 450
1027 544 189
1028 537 151
1029 268 377
1030 241 231
1031 563 250
1032 139 238
1033 43 61
1034 44 277
1035 534 453
1036 485 9
1037 311 38
1038 319 256
1039 276 474
1040 653 5
1041 332 342
1042 177 176
1043 62 282
1044 254 194
1045 257 86
1046 26 312.9999
1047 156 147
1048 413 193
1049 395 87
1050 6 277
1051 326 17
1052 415 325
1053 295 389
1054 321 466
1055 372 472
1056 435 87
1057 51 306
1058 103 69
1059 47 433
1060 632 65
1061 591 180
1062 449 393
1063 362 408
1064 190 38.9999
1065 117 92
1066 643 58
1067 470 262
1068 698 485
1069 62 399
1070 285 88
1071 694 141
1072 35 465
1073 456 338
1074 254 429
1075 552 56
1076 54 7
1077 375 107.9999
1078 29 267
1079 69 422
1080 413 459
1081 171 302
1082 427 245
1083 438 26
1084 7 362
1085 315 3
1086 227 276
1087 449 28
1088 552 357
1089 697 175
1090 619 124.9999
1091 526 220
1092 439 150
1093 2 251
1094 660 297
1095 102 116
1096 155 133
1097 145 319
1098 306 397
1099 157 437
1100 273.9999 236
1101 553 127
1102 121 335
1103 45 208
1104 86 220
1105 169 328
1106 633 114
1107 353 310
1108 674 77
1109 345 193
1110 577 284
1111 286 463
1112 485 260
1113 263 65
1114 67 453
1115 529 339
1116 677 359
1117 359 227
1118 315 486
1119 127 156
1120 613 191
1121 457 270
1122 243 405
1123 693 257
1124 582 483
1125 537 438.9999
1126 697 19
1127 435 494
1128 262 134
1129 121 348
1130 318 201
1131 459 0
1132 242 23
1133 231 318
1134 468 459
1135 481 285
1136 676 253
1137 546 172
1138 699 443
1139 180 339
1140 383 86
1141 108 233
1142 656 31
1143 408 420
1144 82 261
1145 90 309
1146 218 436
1147 407 61
1148 379 180
1149 372 57
1150 474 402
1151 53 102
1152 15 60
1153 577 254
1154 92 461
1155 53 482
1156 625 405
1157 446 491
1158 153 53
1159 146 386
1160 479 242
1161 615 275
1162 382 207
1163 322 438
1164 49 421
1165 21 458
1166 467 177
1167 575 324
1168 462 312
1169 265 417
1170 130 390
1171 140 479
1172 293 450
1173 575 387
1174 296 332
1175 564 436
1176 306 298
1177 137 135
1178 152 275
1179 546 81
1180 626 20
1181 573 95
1182 650 217
1183 285 340
1184 685 179
1185 181 394
1186 595 38
1187 560 166
1188 79 138
1189 309 224
1190 378 498
1191 628 487
1192 677 303
1193 579 268
1194 491 61
1195 80 106
1196 15 114
1197 20 147
1198 268 3
1199 490 352
1200 600 416
1201 649 290
1202 2 490
1203 556 20
1204 267 192
1205 359 492
1206 325 6
1207 201 479
1208 660 101
1209 493 362
1210 40 302
1211 350 412
1212 384 63
1213 315 308
1214 18 3
1215 86 416
1216 54 84
1217 681 167
1218 172 112
1219 95 131
1220 616 234
1221 74 410
1222 673 146
1223 304 320
1224 500 204
1225 160 18
1226 490 112
1227 568 474
1228 517 344
1229 91 499
1230 603 125
1231 293 495
1232 345 224
1233 171 188
1234 14 499
1235 605 167
1236 261 470
1237 327 68
1238 122 276
1239 585 350
1240 464 153
1241 258 173
1242 48 128
1243 67.9999 313
1244 75 222
1245 68 468
1246 64 139
1247 17 28
1248 488 42
1249 617 58
1250 473 199
1251 326 411
1252 54 316
1253 630 33
1254 699 395
1255 208 255
1256 278 251
1257 155 426
1258 557 337
1259 37 326
1260 491 248
1261 508 392
1262 200 464
1263 258 218
1264 584 72
1265 530 496
1266 447 78
1267 574 212
1268 127 80
1269 314 322
1270 358 326
1271 110 291
1272 512 301
1273 549 284
1274 193.9999 0
1275 119 219
1276 439 15
1277 669 433
1278 601 102
1279 18 72
1280 601 227
1281 665 357
1282 230 84
1283 184 12
1284 204 356
1285 639 144
1286 429 451
1287 102 387
1288 230 20
1289 636 354
1290 195 441
1291 357 208
1292 519 207
1293 466 39
1294 69 209
1295 144 411
1296 3 48
1297 196 102
1298 564 264
1299 202 272
1300 306 369
1301 91 54.9999
1302 160 181
1303 103 175
1304 653 262
1305 515 313
1306 495 258
1307 45 290
1308 638 246
1309 563 117
1310 381 155
1311 355 66
1312 91 207
1313 141 17
1314 148 169
1315 103 325
1316 146 452
1317 452 445
1318 299 181
1319 687 304
1320 304 417
1321 473 316
1322 124 323
1323 351 377
1324 260.9999 347
1325 661 205
1326 22 481
1327 293 319
1328 266 116
1329 466 188
1330 610 143
1331 259 481
1332 270 392
1333 274 225
1334 535 485
1335 176 355
1336 565 497
1337 493 385
1338 28 300
1339 643 160
1340 510 99
1341 27 254
1342 505 112
1343 294 47
1344 368 29
1345 691 32
1346 650 447
1347 434 272
1348 542 67
1349 22 232
1350 218 319
1351 6 148
1352 60 292
1353 606 47
1354 231 6
1355 315 146
1356 662 130
1357 603 319
1358 291 439
1359 0 301
1360 499 283
1361 443 465
1362 412 221
1363 594 21
1364 178 445
1365 449 431
1366 326 373
1367 76 271
1368 671 98
1369 691 474
1370 17 96
1371 402 330
1372 274 288
1373 462 111
1374 205 218
1375 574 334
1376 293 137
1377 26 56
1378 113 311
1379 68 330
1380 450 245
1381 74 38
1382 299 192
1383 400 268
1384 194 260
1385 576 119
1386 545 481
1387 471 93
1388 250 263
1389 413 283
1390 447 284
1391 625.9999 286
1392 51 450
1393 648 95
1394 235 153
1395 555 203
1396 470 329
1397 40.9999 18
1398 352 286
1399 132 427
1400 362 269
1401 38 384
1402 157 465
1403 141 73
1404 569 368
1405 687 448
1406 273 59
1407 340 291
1408 465 363
1409 343 52
1410 529 242
1411 228 488
1412 19 354
1413 440 415
1414 90 10
1415 234 340
1416 105 247
1417 541 91
1418 487 136
1419 183 79
1420 127 187
1421 695 92
1422 204 377
1423 114 55
1424 421 234
1425 5 73
1426 419 425
1427 231 451
1428 198 91
1429 694 66
1430 80 54
1431 497 453
1432 183 140
1433 5 189
1434 191 239
1435 33 278
1436 574 309
1437 69 193
1438 221 70
1439 236 287
1440 518 467
1441 540 421
1442 232 196
1443 517 17
1444 458 96
1445 159 406
1446 521 360
1447 211 497
1448 63 67
1449 409 142
1450 116 394
1451 439 444
1452 101 408
1453 387 257
1454 40.9999 0
1455 465 484
1456 418 84
1457 455 257
1458 240 83
1459 64 77
1460 4 452
1461 626 310
1462 302 255
1463 580 154
1464 373 261
1465 625 499
1466 13 306
1467 356 94
1468 70 88
1469 342 174
1470 169 391
1471 26 134
1472 276 31
1473 253 35
1474 383 479
1475 555 7
1476 91 350
1477 499 187
1478 573 416
1479 226 223
1480 397 118
1481 113 422
1482 612 286
1483 236 257
1484 664 482
1485 20 373
1486 435 69
1487 475 69
1488 428 151
1489 214.9999 55
1490 451 150
1491 412 3
1492 541 53
1493 586 388
1494 318 212
1495 437 228
1496 253 380
1497 401 495
1498 358 481
1499 134 6
1500 302 99
1501 128 311
1502 272 405
1503 635 333
1504 649 471
1505 89 76
1506 673 36
1507 360 238
1508 139 250
1509 504 39
1510 0 421
1511 672 178
1512 640 428
1513 170 159
1514 496 320
1515 485 159
1516 268 90
1517 506 122
1518 47 50
1519 103 104
1520 671 214
1521 399 131
1522 660 327
1523 377 40
1524 38 336
1525 661 155
1526 532 325
1527 481.9999 469
1528 698 499
1529 477 40
1530 595 453
1531 232 303
1532 110 204
1533 569 82
1534 682 102
1535 150 263
1536 307 15
1537 675 448
1538 527 388
1539 602 362
1540 246 497
1541 432 116
1542 623 474
1543 645 21
1544 469 224
1545 561.9999 347
1546 382 287
1547 29 33
1548 648 322
1549 531 262
1550 188 53
1551 635 390
1552 96 141
1553 209 0
1554 636 286
1555 197 151
1556 212 419
1557 174 122
1558 553 230
1559 32 146
1560 621 68
1561 48 340
1562 614 419
1563 467 235
1564 2 337
1565 462 435
1566 308 170
1567 14 135
1568 96 222
1569 489 307
1570 5 159
1571 181 205
1572 351 400
1573 287 36
1574 367 393
1575 11 214
1576 547 150
1577 662 76
1578 577 176
1579 287 227
1580 475 368
1581 267 101
1582 67 182
1583 686 291
1584 124 454
1585 201 23
1586 504 370
1587 26 193
1588 137 330
1589 283 375
1590 507 475
1591 35 373
1592 146 158
1593 222 396
1594 317 427
1595 577 223
1596 209 78
1597 302 70
1598 0 36
1599 539 243
1600 520 270
1601 268 317
1602 613 499
1603 612 337
1604 113 181
1605 517 60
1606 531 6
1607 228 499
1608 137 224
1609 544 456
1610 215 162
1611 419 355
1612 345 346
1613 324 448
1614 637 83
1615 308 440
1616 410 17
1617 370 154
1618 565.9999 448
1619 215 29
1620 527 30
1621 26 332
1622 17 13
1623 460 211
1624 619 166
1625 303 485
1626 67 160
1627 497 293
1628 255 2
1629 377 381
1630 443 166
1631 144 111
1632 84 471
1633 475 272
1634 252 48
1635 487 271
1636 388 74
1637 450 406
1638 295 290
1639 349 23
1640 542 269
1641 20 427
1642 412 399
1643 484 336
1644 286 267
1645 511 172
1646 372 403
1647 680 420
1648 149 331
1649 531 42
1650 181 420
1651 549 115
1652 144 463
1653 194 402
1654 606 429
1655 81 381
1656 120 205
1657 446 88
1658 132 275
1659 55 350
1660 58 409
1661 345 81
1662 38 235
1663 412 486
1664 397 252
1665 566 484
1666 105 164
1667 178 457
1668 13 317
1669 230 381
1670 334 279
1671 500 402
1672 695 460
1673 256 315
1674 622 108
1675 255 119
1676 185 305
1677 504 348
1678 591 242
1679 202 113
1680 110 480
1681 103 28
1682 370 198
1683 65 22
1684 188 377
1685 351 442
1686 167 442
1687 111 408
1688 538 284
1689 503 77
1690 437 185
1691 39 312
1692 190 228
1693 189 454
1694 152 76
1695 593 402
1696 105 371
1697 621 463
1698 699 153
1699 320 384
1700 37 400
1701 401 340
1702 472 499
1703 387 133
1704 250 133
1705 4 240
1706 243 204
1707 2 289
1708 15 192
1709 384 425
1710 669 55
1711 205 442
1712 606 36
1713 552 257
1714 679 9
1715 129 374
1716 315 266
1717 436 4
1718 251 275
1719 15 124
1720 157 494
1721 331 301
1722 179 39
1723 395 416
1724 557 309
1725 454 480
1726 266 159
1727 504 498
1728 553 403
1729 529 349
1730 337 421
1731 378 358
1732 432 126
1733 391 168
1734 76 399
1735 0 410
1736 320 175
1737 601 237
1738 509 2
1739 308 113
1740 352 166
1741 685 76
1742 554 191
1743 547 160
1744 544 20
1745 699 127
1746 543 200
1747 515 217.9999
1748 60 44
1749 261 294
1750 99 265
1751 129 91
1752 98 472
1753 562 52
1754 200 56
1755 646 46
1756 464 140
1757 698 164
1758 697 336
1759 674 156
1760 275 459
1761 252 17
1762 2 262
1763 473 298
1764 646 71
1765 448 295
1766 320 52
1767 311 25
1768 386 108
1769 113 383
1770 47 400
1771 697 421
1772 154 237
1773 144 121
1774 36 81
1775 393 305
1776 193 206
1777 581 82
1778 427 401
1779 264 35
1780 693 102
1781 114 21
1782 497 272
1783 532 399
1784 159 29
1785 210 467
1786 141 61
1787 89 284
1788 219 4
1789 589 324
1790 239 33
1791 637 272
1792 143 99
1793 300 308
1794 222 254
1795 120 300
1796 62 302
1797 64 231
1798 242 193
1799 256 494
1800 275 417
1801 118 499
1802 396 363
1803 422 498
1804 619 30
1805 280 143
1806 81 152
1807 253 183
1808 120 433
1809 542 42
1810 447 380
1811 581 200
1812 56 471
1813 170 85
1814 245 353
1815 683 144
1816 639 343
1817 216 233
1818 666 228
1819 208 90
1820 496 153
1821 135 197
1822 685 336
1823 490 218
1824 171 259
1825 113 321
1826 568 16
1827 526 439
1828 135 452
1829 157 454
1830 41 28
1831 429 258
1832 78 0
1833 594 0
1834 369 286
1835 221 106
1836 240 329
1837 517 239
1838 3 384
1839 541 128
1840 56 460
1841 242 112
1842 422 313
1843 337 379
1844 361 469
1845 45 165
1846 212 291
1847 668 65
1848 344 92
1849 643 365
1850 80 198
1851 602 499
1852 592 133
1853 222 139
1854 518 412
1855 285 216
1856 404 180
1857 181 216
1858 182 327
1859 335 3
1860 273 342
1861 498 442
1862 244 241
1863 442 137
1864 390 329
1865 247 172
1866 333 225
1867 632 169
1868 654 377
1869 194 11
1870 30 1
1871 29 446
1872 562 425
1873 180 484
1874 466 352
1875 194 139
1876 515 28
1877 472 79
1878 496 463
1879 291 99
1880 269 486
1881 319 287
1882 194 294
1883 232 476
1884 468 379
1885 531 359
1886 189 175
1887 681 113
1888 494 484
1889 422 272
1890 515 370
1891 278 309
1892 32 96
1893 131 287
1894 507 88
1895 392 280
1896 215 446
1897 602 190
1898 563 393
1899 672 87
1900 671 202
1901 0 479
1902 274 277
1903 217 332
1904 297 343
1905 482 499
1906 2 199
1907 382 468
1908 536 161
1909 30 22
1910 447 191
1911 562 357
1912 474 159
1913 284 239
1914 423 94
1915 91 65
1916 215 218
1917 601 155
1918 662 286
1919 167 463
1920 661 177
1921 225 163
1922 303 451
1923 686 314
1924 442 114
end vertices

begin edges
1214 1622
268 1214
268 1622
1870 1454
292 1397
1870 292
1870 1397
1454 1397
1214 1454
1214 1870
1214 292
1622 292
1622 1397
76 1598
1296 379
1598 1296
76 1296
76 379
1247 1909
1547 323
1247 1547
1909 1547
1909 323
76 1909
76 1247
379 1247
379 323
1296 323
268 1598
268 76
1622 76
1622 1909
1622 323
1397 323
442 1832
1076 1832
1076 442
20 1683
843 281
20 843
1683 843
1683 281
1076 20
442 20
442 843
1832 843
1830 648
1518 1748
1830 1518
648 1518
648 1748
892 1381
972 1430
892 972
1381 972
1381 1430
1830 892
1748 892
1518 892
1518 972
20 1830
20 892
20 1381
281 1381
1832 1381
1832 1430
1454 1832
1454 1076
1397 1076
1397 1830
1397 648
323 648
1296 648
1296 1518
1296 972
1152 1425
966 1152
966 1425
1377 849
1279 1774
1377 1279
849 1279
849 1774
1152 1377
1152 1279
1425 1279
1425 1774
847 1370
434 1892
847 434
847 1892
1370 1892
8 463
1196 949
8 949
8 1196
463 1196
847 8
1370 8
1370 949
1892 949
966 8
1425 8
1425 847
1425 434
1425 1892
1774 1892
17 1216
1033 17
1033 1216
1448 1459
548 205
1448 548
1448 205
1459 205
1033 548
1033 1448
1033 1459
1216 1459
727 767
1151 536
727 536
727 1151
767 1151
1468 111
897 1195
1468 897
1468 1195
111 1195
727 1468
536 1468
767 1468
767 897
1033 767
1033 727
17 727
1216 727
1216 1468
205 1468
548 1468
548 111
1377 1033
1774 1033
1892 1033
949 1033
949 767
949 897
1196 897
463 897
1598 966
1296 966
1296 1377
972 1377
972 548
1430 548
1430 111
903 1681
1414 903
1414 1681
742 220
957 1781
742 957
742 1781
220 1781
1414 742
1414 957
1414 1781
1681 1781
740 1301
284 326
740 284
740 326
1301 326
443 868
768 49
443 768
443 49
868 49
740 868
740 443
284 443
284 768
326 768
326 49
1301 49
1414 740
903 740
1681 740
1781 740
1781 443
220 443
220 868
69 1313
1499 69
1499 1313
471 1225
835 399
471 835
471 399
1225 399
1499 471
1313 471
1313 1225
69 1225
166 763
571 1158
166 571
166 1158
763 1158
1784 60
971 203
1784 203
1784 971
60 971
166 1784
763 1784
1158 1784
1158 203
69 571
69 166
69 1784
1225 1784
1225 60
399 60
742 471
742 1499
220 1499
220 69
868 69
868 571
868 1158
868 203
49 203
1915 1058
1505 1915
1505 1058
1423 340
579 1268
1423 579
1423 1268
340 1268
1915 1423
1058 1423
1058 579
1505 579
1505 1268
787 1065
788 1519
787 788
787 1519
1065 1519
551 902
1095 584
551 584
551 1095
902 1095
788 902
788 551
1519 551
1065 551
1065 584
1505 902
1505 551
1505 788
1505 787
1505 1065
1505 584
1268 584
340 584
1403 1694
1786 1403
1786 1694
712 45
74 1813
712 74
712 1813
45 1813
1786 712
1694 712
1694 74
1751 241
233 714
1751 233
1751 714
241 714
1792 1631
774 877
1792 774
1631 774
1631 877
241 1792
241 1631
714 1631
714 877
1403 1751
1403 241
74 241
74 774
1813 774
45 774
1423 1786
340 1786
1268 1786
1268 1751
1268 233
584 233
584 714
584 877
1095 877
902 877
740 1505
740 1915
1301 1915
1301 1423
1301 1786
1301 712
203 712
971 712
971 45
60 45
1832 742
1832 1414
1832 740
111 740
1195 740
897 740
897 902
1719 1567
62 1719
62 1567
925 446
1471 1559
925 1471
925 1559
446 1559
1719 925
1719 1471
1567 1471
1567 1559
1351 1570
948 5
1570 948
1351 948
1351 5
1197 772
105 848
1197 105
772 105
772 848
1351 1197
5 1197
948 1197
948 105
62 948
62 1570
62 1351
62 1197
1559 1197
1559 772
1559 848
446 848
1242 963
716 1242
716 963
287 1188
1246 280
287 1246
287 280
1188 280
716 287
716 1246
963 1246
963 280
578 1845
454 632
1845 454
578 454
578 632
828 1626
633 1582
828 1582
1626 1582
1626 633
578 1626
578 828
578 1582
632 1582
454 1582
1242 454
1242 1845
963 1845
963 578
963 1626
280 1626
280 633
1188 633
925 716
925 1242
446 1242
848 1242
105 1242
105 454
1906 600
1433 600
1433 1906
1708 646
1587 313
1708 1587
646 1587
646 313
1433 1708
1433 646
1433 313
600 313
22 1575
617 1705
22 1705
22 617
1575 617
840 243
1349 263
840 1349
840 263
243 263
1575 840
617 840
617 1349
1705 1349
1705 263
600 22
600 1575
313 1575
313 243
1103 405
533 1103
533 405
1437 1850
1294 814
1437 1294
1850 1294
1850 814
533 1437
533 1294
405 1294
980 760
1662 911
980 1662
980 911
760 911
1797 1244
854 15
1797 854
1244 854
1244 15
760 1244
760 1797
760 854
911 854
1103 1662
405 1662
405 760
405 1244
405 15
814 15
1433 1437
1587 1437
1587 533
313 533
313 1103
243 1103
243 1662
263 1662
263 911
948 600
948 1906
948 1433
105 1433
454 1433
1582 1433
1582 1437
633 1437
633 1850
633 814
1552 510
1219 510
1219 1552
266 26
171 808
26 171
266 171
266 808
1219 266
1219 26
1552 26
1552 171
510 171
1806 32
144 899
1806 899
32 899
32 144
1666 807
1303 1604
1666 1303
1666 1604
807 1604
1806 1666
32 1666
32 1303
144 1303
144 1604
899 1604
510 1806
171 1806
171 807
808 807
1773 1096
833 1773
833 1096
1177 1119
173 1047
1177 173
1177 1047
1119 1047
833 1119
833 1177
1096 1177
1096 1047
1592 874
1420 216
874 1420
874 216
1592 216
1314 228
1513 1302
228 1513
1314 1513
1314 1302
1592 1513
1592 228
1592 1314
216 1314
216 1302
1420 1302
1119 1420
1119 874
1119 1592
1047 1592
1047 1513
266 1773
266 833
808 833
808 1119
807 1119
1604 1119
1604 1420
1312 416
336 1312
336 416
690 1532
1656 1275
1532 1275
690 1275
690 1656
336 690
336 1532
416 1532
416 1275
1104 1568
318 743
1104 318
1568 318
1568 743
1141 1416
191 512
1141 191
1141 512
1416 512
1104 191
1568 191
1568 1141
743 1141
743 1416
318 1416
1312 318
1312 1104
1312 1568
416 1568
1275 1568
1656 1568
1656 191
1821 628
786 1821
786 628
756 856
1233 343
756 1233
856 1233
856 343
1821 1233
1821 756
628 756
786 756
786 343
334 872
1608 1032
334 1608
334 1032
872 1032
30 253
1772 248
253 1772
253 248
30 248
334 30
872 30
872 1772
1032 1772
1032 248
786 1608
786 334
343 334
343 30
1233 30
690 1233
690 756
690 1821
1656 1821
1656 786
191 786
191 1032
512 1032
1416 1032
1416 248
1806 1104
899 1104
899 1312
899 336
1420 336
1420 756
1302 756
1513 756
1513 1233
716 266
287 266
287 1219
1188 1219
1188 1806
814 1806
15 1806
854 1806
911 1806
911 318
463 62
463 1719
463 925
463 716
902 716
902 1773
902 1096
902 1047
877 1047
1813 1047
1274 1283
107 1274
107 1283
1869 1553
435 1585
1869 1585
1869 435
1553 435
1274 1553
1274 1869
1283 1869
1283 1585
830 1064
1722 1550
830 1722
830 1550
1064 1550
447 869
1754 1489
869 1754
447 1754
447 1489
830 447
1064 447
1550 447
1550 1754
107 1722
1283 1722
1283 830
1585 830
1585 447
435 447
1553 447
1553 1489
392 1288
1788 392
1788 1288
1354 167
1628 1761
1354 1628
167 1628
167 1761
1788 1628
1788 1354
1788 1761
1288 1761
1619 70
177 262
1619 262
70 262
70 177
1132 1790
1473 1634
1790 1634
1132 1634
1132 1473
1619 1132
1619 1790
177 1790
177 1634
262 1634
392 1619
1288 1619
1288 1132
1761 1132
1761 1473
1628 1473
1553 1788
1553 1619
1489 1619
1754 1619
1754 262
255 1419
776 1419
776 255
796 1596
190 1819
796 190
796 1819
1596 1819
776 796
255 796
1419 796
1419 190
1419 1819
6 827
1218 1557
6 1218
6 1557
827 1557
1428 347
1297 1679
1428 1297
1428 1679
347 1679
6 1428
6 1297
827 1297
827 1679
1557 1679
776 1218
776 6
1419 6
1419 1428
1819 1428
1596 1428
1596 347
249 1282
1438 249
1438 1282
4 291
1458 331
4 1458
291 1458
291 331
1438 291
1438 4
1438 1458
1282 1458
127 1835
823 168
1835 823
127 823
127 168
181 710
1841 1675
181 1841
710 1841
710 1675
127 710
127 181
127 1841
168 1841
823 1841
823 1675
249 823
249 127
1282 127
1458 127
331 127
331 710
331 1675
255 291
796 291
796 1438
1596 1438
347 1438
1679 1438
1679 823
1679 1675
1722 776
1550 776
1754 776
262 776
262 291
262 331
1634 331
1473 331
92 988
1198 92
563 182
793 713
563 793
563 713
182 713
1198 563
1198 182
988 182
1779 1472
978 930
1779 978
1779 930
1472 930
991 1
1573 1343
991 1573
991 1343
1 1343
1472 991
1472 1573
930 1573
930 1343
978 1343
988 1779
988 991
713 991
713 1
793 1
1085 1206
1536 1085
1536 1206
1859 126
1051 378
1859 1051
1859 378
126 378
1085 1859
1206 1859
1536 1859
1536 1051
1536 378
1767 1037
598 1766
1037 598
1037 1766
549 10
542 1409
549 542
10 542
10 1409
1767 549
1767 10
1767 1409
1766 1409
598 1409
1536 598
1536 1767
378 1767
378 542
126 542
793 1085
793 1536
1 1536
1343 1536
1343 598
1045 159
1113 1045
1113 159
1406 302
396 718
1406 396
302 396
302 718
1113 1406
159 1406
159 396
159 718
1045 718
1516 1581
1328 130
1581 1328
1516 1328
1516 130
1070 1879
785 883
1070 785
1879 785
1879 883
1516 1070
1516 785
1516 883
130 883
1328 883
1045 1328
1045 1581
1045 1516
1045 1070
718 1070
718 883
1597 731
119 731
119 1597
1237 936
540 1661
1237 540
936 540
936 1661
119 1237
731 1237
1597 1237
1597 936
1597 1661
139 689
1500 1739
689 1500
689 1739
537 1848
624 590
537 624
537 590
1848 590
139 1848
689 1848
689 624
1739 624
1739 590
119 1500
1597 1500
1597 139
936 139
936 1848
1661 1848
1406 119
302 119
718 119
718 1500
883 1500
883 1739
130 1739
1328 1739
1328 590
988 1045
988 1113
978 1113
978 1406
978 119
598 119
598 540
1409 540
1409 1661
1628 563
1628 1198
1628 92
1628 1045
1628 1328
1675 1328
629 1432
114 629
114 1432
102 374
1875 309
102 1875
374 1875
374 309
114 102
114 1875
1432 1875
1432 309
629 309
660 354
1042 1886
354 1042
354 1886
1555 1610
736 210
1555 736
1610 736
1610 210
660 1555
660 736
660 210
1886 210
1042 210
629 1042
629 660
629 1555
309 1555
309 1610
309 210
1853 591
427 591
427 1853
470 1704
259 896
470 259
470 896
1704 896
427 470
427 259
427 896
591 896
1921 1394
837 719
1394 719
1921 719
1921 837
109 725
1865 1807
725 1865
725 1807
109 1807
1921 109
837 109
837 1865
837 1807
719 1807
591 1921
591 1394
896 1394
896 719
102 470
102 427
374 427
374 1853
374 591
210 591
1886 591
1886 109
1571 1857
842 1571
360 142
1776 526
360 1776
360 526
142 526
842 360
842 1776
1857 1776
325 1692
1013 1434
325 1013
1692 1013
1692 1434
802 1374
993 935
802 935
1374 935
1374 993
1692 802
1434 802
1434 935
1013 935
1857 1013
1857 325
1857 802
1857 1374
1857 993
526 993
142 993
341 811
1442 341
1442 811
1798 738
1706 1044
1798 1044
1798 1706
738 1706
1442 1798
811 1798
811 738
1916 1479
1817 377
1916 1817
1916 377
1479 377
217 1030
390 1862
1030 390
1030 1862
217 1862
1916 217
1479 217
1479 390
377 390
341 1916
811 1916
738 1916
1706 1916
1706 217
1044 217
142 1798
142 341
142 1916
142 1817
935 1817
935 377
629 1571
1042 1571
1042 842
1042 360
1042 142
109 142
1807 142
1807 1044
719 1044
317 286
1128 317
1128 286
686 1376
1805 515
1376 1805
1376 515
686 515
317 686
317 1805
286 1805
286 515
1726 299
1241 705
1726 1241
1726 705
299 705
503 385
630 1318
503 630
385 630
385 1318
1726 503
299 503
299 630
299 1318
705 1318
1128 1241
1128 1726
286 1726
286 503
515 503
515 385
515 1318
404 489
276 404
276 489
1355 150
225 400
150 225
150 400
276 225
276 1355
489 1355
1566 998
41 1736
1566 41
1566 1736
998 1736
567 483
1469 355
483 355
567 355
567 1469
998 567
998 483
1736 483
41 483
41 355
404 1566
489 1566
489 998
489 567
489 1469
400 1469
686 276
686 404
385 404
385 1566
1318 1566
1318 41
1318 355
345 623
1204 345
1204 623
242 967
1855 359
967 1855
242 1855
242 359
1204 242
1204 967
623 967
623 1855
1263 54
1100 108
1263 108
54 108
54 1100
1333 1913
1579 133
1333 1579
1333 133
1913 133
1263 1333
1100 1333
1100 1913
108 1913
345 1263
623 1263
1855 1263
1855 1579
1855 133
359 133
1382 1130
922 1494
1382 922
1382 1494
1130 1494
732 1109
1000 231
732 231
732 1000
1109 1000
1382 732
1130 732
1494 732
1494 231
319 1189
698 329
1189 698
319 698
319 329
1866 1232
145 499
1866 145
1866 499
1232 499
1189 1232
1189 1866
698 1866
329 1866
329 145
1382 319
922 319
922 1189
231 1189
231 1232
1109 1232
242 732
242 1382
359 1382
359 319
133 319
133 329
133 145
108 145
1241 1263
1241 345
1241 1204
705 1204
705 732
355 732
1469 732
1469 1109
470 686
1704 686
1704 1128
719 1128
719 1241
1044 1241
1044 1263
1044 54
1862 54
390 54
377 54
377 108
1218 114
1557 114
1557 102
1557 470
1557 276
1557 225
590 225
1848 225
1848 400
471 1274
471 107
835 107
399 107
399 776
45 776
45 1218
30 1218
253 1218
253 1013
248 1013
1762 1050
1093 1762
1093 1050
275 1341
481 1078
275 481
1341 481
1341 1078
1093 1341
1093 275
1093 481
1050 481
1707 497
1435 226
1707 1435
1707 226
497 226
1359 1466
1338 1046
1359 1338
1466 1338
1466 1046
1707 1359
497 1359
226 1359
226 1338
1435 1338
1762 1359
1762 1707
1050 1707
1078 1707
1078 1435
1034 621
588 621
588 1034
559 1367
1043 799
559 1043
559 799
1367 799
588 559
621 559
1034 559
1034 1043
1034 799
1307 1210
1691 1057
1210 1691
1307 1691
1307 1057
1352 1796
547 152
1352 547
1796 547
1796 152
1307 1352
1307 1796
1057 1796
1057 152
1691 152
588 1691
588 1210
1034 1210
1034 1307
1034 1352
1043 1352
799 1352
799 547
1367 547
1367 152
1093 559
1341 559
1341 588
1435 588
1435 1691
1046 1691
552 1564
1668 1564
1668 552
804 520
1621 1259
804 1259
804 1621
520 1621
1668 1259
1668 804
1564 804
1564 520
29 1412
1084 424
29 1084
29 424
1412 424
394 1017
1485 1591
394 1485
1017 1485
1017 1591
29 394
1412 394
1412 1485
424 1485
1564 1084
1564 29
520 29
520 394
520 1591
1259 1591
1524 1561
1252 1524
1252 1561
1243 122
1379 881
1243 881
122 881
122 1379
1252 1243
1252 122
1252 1379
1561 1379
946 1659
1007 645
946 1007
1659 1007
1659 645
95 699
304 115
95 115
95 304
699 304
1659 699
1659 95
1659 115
645 115
1007 115
1524 946
1561 946
1561 1659
1379 1659
1379 699
881 699
1668 1243
1668 1252
1259 1252
1259 1524
1259 1007
1591 1007
424 1007
1359 1564
1359 552
1359 1668
1046 1668
1691 1668
1691 1243
152 1243
152 881
1144 195
994 1144
994 195
1750 723
932 1238
723 932
1750 932
1750 1238
994 723
994 1750
195 1750
195 1238
1787 700
414 1145
1787 1145
1787 414
700 414
1271 1795
495 296
1271 495
1271 296
1795 296
700 495
700 1271
700 1795
1145 1795
1144 1787
195 1787
195 700
195 495
1238 495
1238 296
855 1535
1508 855
1508 1535
595 1824
488 529
595 488
595 529
1824 529
1508 595
1535 595
1535 529
1658 1893
221 66
1893 221
1658 221
1658 66
1178 544
748 1081
1178 748
544 748
544 1081
1658 1178
221 1178
221 748
221 1081
66 1081
1508 1893
1508 1658
855 1658
855 1178
529 1178
529 544
529 1081
1824 1081
994 595
994 1508
932 1508
932 1658
932 1893
296 1893
296 66
1378 1825
561 1378
561 1825
1024 1315
419 1102
1315 1102
1024 1102
1024 419
561 1024
561 1315
1825 1315
1825 1102
919 1476
513 1129
919 1129
1476 1129
1476 513
444 1696
490 170
444 490
1696 490
1696 170
1476 444
513 444
513 490
513 170
1129 170
1024 1476
1024 919
419 919
419 1129
1102 1129
1322 1588
1501 1322
1501 1588
1097 1648
580 1105
1097 580
1097 1105
1648 1105
1501 580
1501 1097
1588 1097
1588 1648
602 412
858 498
602 858
602 498
412 498
218 484
367 882
218 367
218 882
484 882
602 218
602 367
602 882
412 882
498 882
1322 858
1588 858
1588 602
1648 602
1648 218
1105 218
1105 484
1378 1501
1378 1322
1102 1322
1129 1322
1129 858
1129 498
170 498
1787 1476
1145 1476
1145 1024
1145 561
1145 1501
1145 580
1145 1105
1145 484
1081 484
559 994
559 1144
1367 1144
881 1144
881 1476
304 1476
304 444
115 444
115 1696
1007 1696
1007 170
294 234
1838 234
1838 294
778 1401
96 1700
778 96
778 1700
1401 1700
1838 1401
294 1401
294 778
294 96
294 1700
234 1700
1735 25
1510 314
1735 1510
1735 314
25 314
1641 330
643 675
330 643
1641 643
1641 675
1735 643
25 643
25 330
25 1641
25 675
314 675
1838 1735
234 1735
1700 1735
1401 1735
1401 643
388 1069
1770 388
1770 1069
608 1655
1734 604
608 1734
1655 1734
1655 604
388 1655
388 608
388 1734
1069 1734
1770 1734
1770 604
1660 1164
1059 189
1164 1059
1660 1059
1660 189
1221 1079
1215 696
1221 1215
1079 1215
1079 696
1660 1221
1660 1079
1660 696
189 696
1770 1059
1770 1164
1770 1660
1770 1221
1770 1215
604 1215
1401 1655
1401 388
1401 1770
643 1770
643 1059
675 1059
314 1059
314 189
1460 48
679 1460
679 48
1871 1165
456 1072
1165 456
1871 456
1871 1072
679 1871
679 1165
48 1165
48 456
1901 165
1202 1234
1901 1202
165 1202
165 1234
1326 153
992 204
1326 992
1326 204
153 204
1901 992
165 992
165 1326
165 153
1234 153
1460 1901
48 1901
456 1901
1072 1901
1072 992
1392 184
403 184
403 1392
1840 1114
406 753
1114 406
1114 753
1840 753
403 406
1392 406
1392 1840
184 1840
1812 198
1155 928
1812 1155
1812 928
198 928
1245 1632
344 780
1245 780
1245 344
1632 344
1812 1245
198 1245
198 780
928 780
403 1155
184 1155
184 1812
184 1245
753 1245
753 1632
679 406
1871 406
1871 403
992 403
204 403
204 928
1234 928
1510 1901
1510 1460
314 1460
314 679
189 679
189 406
189 753
189 1632
696 1632
604 1632
687 1287
339 687
339 1287
1769 532
1715 1450
1769 1715
1769 1450
532 1450
339 1715
339 1769
1287 1769
687 1769
687 532
1452 1687
733 418
1687 733
1687 418
779 565
1481 1808
779 1481
779 1808
565 1808
1452 779
1452 1481
1452 1808
418 1808
687 779
687 1452
532 1452
1450 1452
1450 733
1450 418
1715 418
1159 350
1170 1159
1170 350
214 1470
535 1445
214 535
214 1445
1470 1445
1159 214
1159 535
350 535
350 1445
1295 1399
838 556
1399 556
1399 838
1295 838
809 1257
1099 200
1257 1099
1257 200
809 200
1295 809
1295 1257
838 1257
838 1099
556 1099
1170 1399
350 1399
350 1295
1445 1295
1470 1295
1470 809
1715 214
1715 1170
418 1170
418 1399
1808 1399
1808 556
1154 501
977 501
977 1154
751 627
1584 349
751 1584
627 1584
627 349
977 751
501 751
1154 751
1154 349
1752 789
1229 636
789 1229
1752 1229
1752 636
801 640
1680 1801
801 1680
801 1801
640 1801
1752 801
1752 1680
636 1680
636 1801
1229 1801
977 1229
1154 1229
1154 1752
1154 801
1154 640
349 640
1316 1652
1828 1316
1828 1652
1686 635
1829 1919
1686 1829
1686 1919
635 1919
1316 1686
1316 1829
1316 1919
1652 1919
1171 626
761 959
1171 761
626 761
626 959
1402 956
1720 121
1402 1720
1402 121
956 121
761 1402
761 1720
959 1720
1828 626
1828 1171
1652 1171
1652 1402
1919 1402
635 1402
635 956
751 1686
627 1686
627 1828
349 1828
640 1828
640 626
640 959
1801 959
565 977
565 751
556 751
1099 751
1099 1686
200 1686
809 1686
809 956
1655 1715
1655 339
1655 687
604 687
1632 687
344 687
780 687
780 1229
1564 1735
1564 1838
424 1838
424 1715
498 1715
498 214
882 214
882 1470
882 809
484 809
1384 895
106 895
106 1384
37 1255
1299 274
37 1299
1255 1299
1255 274
106 37
1384 37
1384 1299
895 1299
990 707
1882 1676
990 1676
707 1676
707 1882
79 987
1846 461
79 461
79 1846
987 1846
990 987
990 79
1882 79
1882 461
1676 461
106 990
895 990
895 987
274 987
841 1483
1794 1483
1794 841
491 1388
387 583
1388 387
1388 583
491 583
1794 387
1483 387
841 387
841 491
1086 539
24 1531
539 24
1086 24
1086 1531
1439 1718
51 924
1439 924
1439 51
1718 51
1086 1718
1086 1439
1086 924
1531 924
1794 24
841 24
841 1086
491 1086
491 1718
583 1718
37 387
37 1794
1255 1794
274 1794
987 1794
1846 1794
461 1794
461 24
1676 24
839 1858
362 1858
362 839
138 91
1350 1903
138 1350
138 1903
91 1903
362 138
839 138
1858 138
1858 91
1139 1003
1335 541
1139 1335
1139 541
1003 541
222 1284
852 283
1284 852
222 852
222 283
1003 222
541 222
1335 222
1335 852
362 1335
362 1139
1858 1139
1858 1003
91 1003
91 222
91 283
1903 283
1350 283
338 1415
1133 338
1133 1415
473 1836
1673 900
473 1673
1836 1673
1836 900
1133 1673
1133 473
1133 1836
1133 900
1415 900
223 244
752 730
223 752
244 752
244 730
734 1324
1814 652
734 1814
734 652
1324 652
223 734
244 734
244 1814
730 1814
730 652
752 652
338 223
1415 223
1415 734
900 734
1673 734
1673 1324
839 1673
839 1133
1350 1133
1350 223
283 223
852 223
852 752
990 362
1676 362
1531 362
924 362
51 362
51 1673
51 1324
505 1902
1256 505
677 1462
1644 822
677 1644
677 822
1462 822
1256 677
1256 1644
1902 1644
361 1372
1749 999
361 1749
361 999
1372 999
269 1638
155 474
269 155
269 474
1638 474
361 269
1372 269
1372 155
1372 474
999 474
1902 1749
1902 361
1902 269
1902 1638
822 1638
1462 1638
622 1716
1038 622
1038 1716
469 523
859 642
523 859
523 642
469 642
1038 859
1716 859
1716 469
622 469
704 1176
1881 58
704 1881
704 58
1176 58
1670 1407
1721 1015
1670 1721
1407 1721
1407 1015
1881 1670
58 1670
58 1721
58 1015
622 704
469 704
469 1670
469 1407
469 1015
642 1015
677 1038
1462 1038
1462 622
1638 622
1638 1176
1638 1721
474 1721
999 1721
1601 545
1891 1601
684 1327
1793 1223
1327 1793
1327 1223
684 1223
1891 1793
1891 684
545 684
1860 1183
1174 1904
1183 1174
1860 1174
1860 1904
28 43
134 250
28 250
28 134
43 134
1860 43
1860 28
1904 28
1904 250
545 43
545 1860
545 1174
545 250
1223 250
1269 575
1213 575
1213 1269
229 769
237 810
229 237
769 237
769 810
1213 229
1269 229
1269 769
1269 810
575 810
721 1300
1021 393
721 393
721 1021
1300 1021
1041 1612
975 792
1041 792
1041 975
1612 975
721 1041
393 1041
393 792
1300 792
575 1300
575 721
575 1041
810 1041
810 1612
1793 1213
1223 1213
1223 575
250 575
43 575
43 1300
1749 1601
999 1601
999 1891
999 1793
999 1213
999 229
1015 229
1015 810
1015 1612
642 1612
387 677
387 1256
583 1256
583 361
583 1749
1324 1749
1324 43
652 43
752 43
1684 1185
100 1185
100 1684
1422 47
1653 38
47 1653
1422 1653
1422 38
100 1422
1684 1422
1684 47
1185 47
1185 1653
143 1650
112 661
1650 112
143 112
143 661
574 964
1556 475
574 475
964 475
964 1556
143 964
143 574
661 574
661 475
112 475
100 1650
1185 1650
1185 143
1653 143
1653 964
1653 1556
38 1556
739 1669
451 1669
451 739
720 671
1496 202
720 1496
720 202
671 202
451 720
1669 720
739 720
739 671
1593 625
1122 457
1593 1122
625 1122
625 457
659 1146
251 1074
659 1074
1146 1074
1146 251
1593 1146
1593 659
625 659
457 659
457 1074
451 1593
739 1593
671 1593
671 1122
202 1122
1496 1122
1496 1074
100 451
1422 451
38 451
1556 451
475 451
112 451
112 1146
112 251
1667 1693
1364 1667
1364 1693
1290 1711
80 1262
1290 80
1711 80
1364 1290
1693 1290
1667 1290
1667 1262
149 1005
1873 7
149 1873
149 7
1005 7
1785 1207
775 1447
1207 775
1785 775
1785 1447
149 1785
149 1207
1005 1207
7 1207
7 775
7 1447
1667 1873
1667 149
1262 149
1711 149
1711 1785
1711 1447
1896 235
650 1896
650 235
1427 364
1023 570
1427 1023
364 1023
364 570
650 1427
235 1427
235 364
235 570
593 747
1411 1607
747 1411
593 1411
1883 277
1540 1799
1883 1799
277 1799
277 1540
593 1883
1411 1883
1411 1540
1607 1540
1896 747
235 747
235 593
235 1883
364 1883
364 277
570 277
570 1799
1290 650
1711 650
1711 1896
1785 1896
1785 747
1447 747
1447 1607
112 1364
112 1290
1146 1290
1146 650
251 650
251 1023
251 570
1074 570
1589 316
1029 316
1029 1589
1332 423
1053 366
1332 1053
423 1053
423 366
1029 1332
1589 1332
1589 1053
316 1053
472 1502
1169 86
472 1169
1502 1169
1502 86
1800 1006
324 1002
1006 324
1800 324
1800 1002
472 1006
1502 1006
1502 1800
1502 324
86 324
86 1002
1029 472
1332 472
1332 1502
1332 1006
366 1006
366 1002
1098 1699
236 1098
236 1699
1366 1843
973 0
1366 973
1843 973
1843 0
236 1366
1699 1366
1699 973
1098 973
866 327
1320 1594
327 1320
327 1594
866 1594
1251 569
1730 206
1251 1730
569 1730
866 569
866 1251
1594 1251
1594 206
1098 1320
1098 866
973 866
973 569
0 569
316 1366
316 236
316 1098
316 1320
316 1594
1002 1594
1002 206
261 1760
1001 261
1001 1760
531 1358
1172 1111
531 1111
1358 1111
1358 1172
1001 1358
1001 531
1760 531
1760 1111
1236 1331
1880 851
1331 851
1236 851
1236 1880
1039 566
391 1231
1039 391
566 391
566 1231
1236 1039
1880 1039
1880 391
1880 1231
851 1231
1001 1331
1001 1236
261 1236
1760 1236
1111 1236
1111 566
1111 1231
1172 1231
1615 1922
99 383
1922 99
1615 99
1615 383
1163 1613
507 969
1163 969
1613 969
1613 507
1615 1163
1615 1613
383 1613
99 1613
99 969
506 1625
1118 230
1625 230
506 230
506 1118
1054 382
71 303
1054 71
382 71
382 303
506 1054
1118 1054
1118 71
230 71
99 1625
99 506
99 1054
969 1054
507 1054
507 303
1358 1163
1358 1615
1172 1615
1172 1922
1172 1625
1231 1625
1231 230
851 230
472 1236
472 1001
1169 1001
86 1001
86 1358
1002 1358
1002 1163
206 1163
206 507
569 507
1496 316
1496 1029
1496 472
1496 1331
1799 1331
1540 1331
1540 851
1607 851
1335 100
852 100
852 451
752 451
752 316
752 1366
752 1843
792 1843
792 0
1612 0
595 37
1824 37
1824 106
1824 990
1824 1667
956 1667
956 1873
121 1873
1720 1873
1720 7
959 7
959 1447
22 1093
1705 1093
263 1093
911 1093
318 1093
318 595
1013 595
108 595
108 677
145 677
145 859
499 859
1232 859
1232 642
1639 429
1014 1639
1014 429
35 1022
864 85
35 864
1022 864
1022 85
1014 35
429 35
429 864
429 85
1639 85
18 1344
1523 55
1344 1523
18 1523
18 55
726 1149
508 1212
726 508
1149 508
1149 1212
18 726
1523 726
1523 508
55 508
1639 18
1639 1344
1639 55
85 55
724 1616
1491 724
1491 1616
871 1717
649 1083
871 649
1717 649
1717 1083
1491 1717
1491 871
1616 871
1616 649
1616 1083
795 73
265 1147
795 265
73 265
73 1147
310 764
342 485
310 342
764 342
764 485
795 310
73 310
73 764
73 485
1147 485
265 485
724 265
724 795
1616 795
649 795
649 342
649 485
1083 485
1014 1491
1014 724
35 724
1022 724
85 724
55 724
55 265
1212 265
293 1467
1311 1467
1311 293
898 521
605 1140
898 605
521 605
521 1140
1311 898
293 898
293 605
1467 605
958 906
445 530
958 445
906 445
906 530
1077 187
1768 943
1077 943
1077 1768
187 1768
958 187
445 187
445 1077
445 943
530 943
1311 958
1467 958
605 958
1140 958
1140 187
1049 440
1636 440
1636 1049
800 1486
1456 1056
800 1456
800 1056
1486 1056
1636 1486
1636 800
440 800
440 1456
440 1056
1049 1056
860 59
1480 448
860 1480
860 448
59 448
1914 288
554 1541
1914 554
288 554
288 1541
59 1914
448 1914
448 554
448 1541
1480 1541
1636 1480
1049 1480
1049 860
1049 59
1049 1914
1049 288
1049 1541
1056 1541
1311 800
898 800
898 1636
521 1636
1140 1636
187 1636
187 1480
943 1480
530 1480
18 958
18 1311
726 1311
1149 1311
1212 1311
265 1311
1147 1311
1147 1486
485 1486
188 504
1276 188
1276 504
1131 260
246 1036
1131 1036
260 1036
260 246
188 1131
504 1131
504 246
1087 589
175 572
1087 175
589 175
589 572
1293 931
1529 98
1293 1529
1293 98
931 98
1087 931
589 931
589 1293
589 98
572 98
1276 1087
246 1087
246 931
1036 931
577 607
1738 577
1738 607
603 1443
1876 415
1443 1876
603 1876
603 415
1738 603
1738 1443
607 1443
607 1876
372 1248
1194 773
1248 1194
372 1194
372 773
1509 1620
996 1605
1509 996
1509 1605
1620 1605
372 1620
372 1509
773 1509
773 1605
1194 1605
577 1248
577 372
607 372
1876 372
1876 1620
415 1620
1131 1738
1131 577
1036 577
931 577
931 1248
98 1248
572 1248
572 1194
1266 1657
421 1657
421 1266
794 1487
821 1877
794 821
794 1877
1487 1877
421 794
1266 794
1266 821
1657 821
270 1924
90 199
1924 90
1924 199
1444 1387
1373 947
1444 1373
1387 1373
1387 947
270 1387
270 1444
270 1373
199 1373
90 1373
1657 270
1657 1444
821 1444
821 1387
1877 1387
1877 947
1487 947
914 1689
425 914
425 1689
185 1894
834 465
185 465
185 834
1894 834
914 185
1689 185
425 185
425 1894
227 245
558 1226
227 558
227 1226
245 1226
1340 1342
1517 746
1342 1517
1340 1517
1340 746
227 1340
245 1340
245 1342
1226 1342
1226 1517
425 558
425 227
1894 227
1894 1340
834 1340
834 746
465 746
421 185
794 185
1487 185
1487 914
1487 425
1487 558
947 558
947 1226
947 1517
199 1517
90 1517
1087 1657
1087 421
175 421
572 421
572 794
1194 794
1194 185
1605 185
1620 185
1620 465
1491 1131
1491 188
1717 188
1717 1276
1083 1276
485 1276
1056 1276
1056 1924
1541 1924
1541 90
550 1617
384 550
384 1617
518 1703
1310 376
518 1310
1703 1310
1703 376
384 1703
384 518
1617 518
1617 1310
550 1310
1740 706
120 1148
1740 120
1740 1148
706 1148
749 478
1733 328
749 1733
478 1733
478 328
120 478
120 749
1148 749
1148 328
384 1740
550 1740
1310 1740
1310 478
1310 328
376 328
486 1449
1521 486
1521 1449
1732 863
984 1092
863 984
863 1092
486 1732
486 984
1449 984
1449 1092
2 381
1856 658
381 1856
2 1856
2 658
1488 951
962 1690
951 962
1488 962
1488 1690
2 1488
2 951
658 951
1856 951
1856 962
1856 1690
1521 381
1449 381
1449 2
1449 1488
1449 1690
1092 1690
1703 1732
1703 486
1703 1521
376 1521
376 381
376 1856
376 1690
328 1690
117 1291
599 117
599 1291
1682 708
1162 467
708 467
1682 467
1682 1162
117 708
117 1682
117 1162
1291 1162
599 1162
754 861
1117 212
754 1117
754 212
861 212
1507 597
805 494
1507 494
1507 805
597 805
1117 1507
212 1507
861 1507
861 494
599 1117
599 754
1162 754
1162 494
467 494
667 945
1048 667
1048 945
65 161
812 439
65 439
65 812
161 812
1048 65
1048 812
945 812
945 439
667 439
1362 438
1664 88
438 1664
438 88
1362 88
1424 1495
1082 670
1424 1082
1495 1082
1495 670
1362 1495
1362 1424
1362 1082
1362 670
88 670
1664 670
667 1664
667 1362
439 1362
439 1495
439 670
161 670
708 1048
467 1048
467 667
494 667
805 667
805 1664
597 1664
1740 599
1740 117
706 117
706 708
328 708
328 1048
1690 1048
1690 161
664 1490
1863 1490
1863 664
887 1756
1240 663
1756 1240
887 1240
887 663
1863 887
1863 1756
664 1756
1490 1756
1490 1240
1630 398
211 1166
1630 211
1630 1166
398 1166
1912 1515
985 389
1912 985
1912 389
1515 389
211 1912
1166 1912
398 1912
398 389
1863 1630
1490 1630
1240 1630
1240 1912
663 1912
663 1515
1418 1820
933 1418
933 1820
363 282
410 1010
363 410
363 1010
282 1010
933 410
933 363
933 282
1820 282
669 437
1477 9
669 1477
437 1477
437 9
1645 601
39 865
1645 39
601 39
601 865
437 601
437 1645
437 865
9 865
1477 865
1418 669
1820 669
1820 437
1010 437
1010 601
1010 865
887 933
887 1418
1515 1418
1515 669
1515 1477
389 1477
1329 1250
1910 1329
1910 1250
939 961
1623 1011
939 1011
939 1623
961 1623
1910 961
1910 939
1910 1011
1250 1011
151 476
1380 1563
476 1380
151 1380
151 1563
1544 31
638 1160
1544 638
1544 1160
31 1160
151 31
151 1544
1563 1544
1380 1544
1380 638
961 476
961 151
1011 151
1011 31
1224 140
125 1224
125 140
82 1016
1292 1747
82 1747
82 1292
1016 1292
1224 82
140 82
140 1747
1823 662
1260 543
662 1260
662 543
295 1837
1091 819
295 1091
295 819
1837 819
1823 1091
1823 295
1823 1837
543 1837
125 1823
140 1823
1747 1823
1016 1823
1016 1091
1016 819
1329 82
1250 82
1250 125
31 125
1160 125
1160 1260
638 1260
1630 961
1630 1910
398 1910
398 1329
389 1329
1477 1329
1477 1016
1477 1091
865 1091
1732 887
1732 1863
1092 1863
1092 1630
161 1630
161 961
161 476
161 1380
670 1380
670 638
958 384
906 384
530 384
530 1703
530 1521
530 486
530 1732
90 1732
90 933
1517 933
1517 410
746 410
746 601
132 1744
1606 132
1475 1826
1203 606
1475 1203
1475 606
1826 606
1606 1475
132 1475
132 1203
1744 1203
1744 606
12 1649
271 1492
1649 271
12 271
12 1492
1809 1075
613 1753
1809 613
1809 1753
1075 1753
12 613
12 1809
1492 1809
1492 1075
1606 1649
1606 12
1744 12
1744 613
1744 1753
606 1753
921 813
179 921
1833 836
913 1363
1833 913
1833 1363
836 1363
179 1833
921 1833
921 913
921 1363
813 1363
831 585
1186 163
831 1186
831 163
585 163
19 1712
1353 1249
1712 1353
19 1353
19 1249
1186 19
1186 1712
1186 1353
163 1353
585 1353
585 1249
179 585
179 831
813 831
1363 831
1363 19
836 19
836 1249
1606 1833
1606 179
1475 179
1826 179
606 179
606 585
1753 585
1075 585
1348 1179
256 1348
256 1179
61 183
84 1533
61 84
61 1533
183 1533
1348 61
1179 61
1179 183
238 1417
909 264
1417 909
238 909
829 692
1651 1309
829 1651
829 1309
692 1309
238 692
238 829
909 829
909 1651
909 1309
264 1309
256 238
256 1417
1179 1417
183 1417
183 264
1533 264
84 264
901 820
289 901
289 820
1264 1777
587 312
1264 587
1777 587
1777 312
289 1777
289 1264
289 587
289 312
820 312
1181 594
307 1385
1181 1385
1181 307
594 307
14 703
1278 853
703 1278
703 853
14 853
594 1278
307 1278
1385 1278
1385 14
1777 1181
1777 594
1777 1278
312 1278
820 1278
820 853
1348 289
84 289
84 1181
1309 1181
1309 1385
1309 14
271 238
271 256
271 1348
1075 1348
1075 289
1075 901
1075 820
1249 820
1180 1804
637 1804
637 1180
257 1040
1543 1142
257 1543
1040 1543
1040 1142
637 1040
637 257
1180 257
1180 1543
1804 1543
1804 1142
1253 148
944 1060
148 1060
1253 1060
1253 944
113 1755
1066 735
113 1066
1755 1066
1755 735
1253 113
944 113
944 1066
944 735
1060 735
1804 148
1804 1253
1804 113
1142 113
1142 735
240 755
67 240
67 755
1714 620
1126 1345
1714 1345
620 1345
620 1126
240 620
240 1714
755 1714
755 1345
631 1506
1710 1847
631 1847
631 1710
1506 1710
619 878
695 1429
619 695
878 695
878 1429
1506 878
1506 619
1506 695
1847 695
1847 1429
67 631
67 1506
1345 1506
1345 878
1345 1429
1126 1429
1040 620
1040 240
1040 67
1142 67
1142 631
735 631
735 1847
1060 1847
1060 1429
641 965
1560 965
1560 641
1764 23
1614 1393
1764 1614
1764 1393
23 1393
1560 1764
1560 1614
641 1614
641 1393
965 1393
1674 502
1090 1106
1674 1090
1674 1106
502 1106
825 1208
358 492
825 358
825 492
1208 492
502 1208
502 825
1106 825
1106 358
1090 358
965 1090
965 1674
965 502
1393 502
23 502
23 1208
612 1899
1577 612
1577 1899
1108 68
1741 258
1108 1741
1108 258
68 258
1577 1741
1577 1108
1899 1108
1899 68
612 68
1368 1534
1421 1780
1368 1421
1368 1780
1534 1780
573 1887
433 765
1887 433
573 433
573 765
1368 573
1368 1887
1534 1887
1534 433
1780 433
1421 433
612 1368
68 1368
68 1421
258 1421
1764 1577
1764 612
1208 612
1208 573
492 573
358 573
358 765
1804 965
1804 1560
148 1560
1060 1560
1060 1764
1060 1741
1429 1741
1429 258
1833 1040
1833 257
1833 637
836 637
836 1804
1249 1804
1249 965
853 965
14 965
14 1090
1839 815
702 1839
702 815
1101 136
1576 960
1101 1576
136 1576
136 960
1839 1101
815 1101
815 1576
1028 1908
1743 1187
1028 1743
1908 1743
1908 1187
832 1027
1137 322
832 1137
832 322
1027 322
1908 832
1908 1137
1908 322
1187 322
702 832
702 1908
702 1028
1576 1028
1576 1187
960 1187
511 1463
169 1463
169 511
1852 1230
356 1330
1852 356
1230 356
1230 1330
169 1230
169 1852
511 1852
511 356
1463 356
36 1578
124 1061
36 124
1578 124
1578 1061
1917 160
1235 665
1917 665
1917 1235
160 1235
124 1917
124 665
1061 665
169 36
1463 36
1463 1917
1330 1917
1330 160
1101 1230
1101 169
136 169
960 169
960 36
960 1578
322 1578
322 1061
1027 1061
93 450
1746 93
1746 450
1742 845
1395 156
1742 156
1742 1395
845 1395
1746 845
1746 1742
450 1742
450 156
1410 1599
162 745
1410 162
1410 745
1599 745
1558 197
657 1031
1558 1031
197 1031
197 657
162 197
162 1558
745 1558
1599 1558
1599 1031
93 1410
93 162
450 162
156 162
156 197
845 197
845 657
681 1811
890 681
890 1811
487 1897
252 272
487 252
1897 252
1897 272
681 1897
681 487
1811 487
1811 252
1267 1595
468 1280
1267 468
1595 468
1595 1280
817 1678
1737 758
817 1737
1678 1737
1678 758
1267 817
1595 817
1595 1737
1280 1737
1280 758
890 1267
252 1267
252 1280
272 1280
272 758
845 681
845 890
845 1267
845 1595
845 817
657 817
657 1678
657 758
1031 758
832 93
1027 93
1027 1742
1027 845
1027 1897
665 1897
665 272
160 272
110 759
771 110
771 759
938 1285
522 306
938 306
1285 306
1285 522
771 938
771 1285
771 522
759 522
1624 1004
1867 1339
1624 1339
1624 1867
1004 1867
1525 158
916 1920
158 916
158 1920
1525 1920
1339 1525
1867 1525
1867 916
1004 916
110 1624
759 1624
522 1624
522 1525
306 1525
1356 1222
941 1356
941 1222
1745 1071
1815 1698
1071 1815
1071 1698
1745 1698
941 1745
941 1815
1222 1815
1222 1698
1759 1018
1217 1511
1018 1511
1759 1511
1759 1217
673 1757
1184 1089
673 1184
673 1089
1757 1089
1759 673
1217 673
1511 673
1511 1184
1356 1018
1222 1018
1222 1759
1222 673
1222 1757
1698 1757
938 1745
938 1356
306 1356
1920 1356
1920 1511
1920 1184
509 194
1120 194
1120 509
477 824
534 209
477 209
824 209
824 534
1120 477
509 477
194 477
194 209
397 21
1220 762
397 1220
397 762
21 762
1182 538
1308 888
538 1308
1182 1308
1182 888
397 1182
21 1182
762 1182
762 1308
1120 397
194 397
209 397
534 397
534 1182
534 888
335 1900
1325 1520
335 1325
335 1520
1900 1520
441 254
524 894
441 524
254 524
254 894
335 441
335 524
1900 524
1900 894
1520 894
50 1818
386 411
50 386
1818 386
1818 411
430 215
352 668
430 352
430 668
215 668
50 430
50 352
50 668
411 668
335 50
1325 50
1520 50
1520 430
1520 215
894 215
477 335
824 335
1182 335
1182 50
1182 386
1182 411
888 411
1624 1120
1004 1120
1004 477
1004 441
1184 441
1184 254
1184 894
1089 894
1698 894
1230 938
1230 771
1230 110
1330 110
160 110
160 1120
160 397
160 1220
160 762
160 1308
758 1308
692 702
692 1839
692 1101
692 1230
1090 1230
765 1230
433 1230
1421 1230
1421 1745
1738 1606
603 1606
415 1606
465 1606
465 238
819 238
819 1410
543 1410
543 1031
1400 1464
464 1464
464 1400
1453 496
516 1895
496 516
1453 516
1453 1895
464 1453
1464 1453
1400 1453
1400 516
1400 1895
1398 1834
348 1107
1398 1107
1398 348
1834 348
1546 979
592 1775
979 592
1546 592
1546 1775
1834 1546
1107 1546
1107 592
464 1398
1400 1398
1400 1834
516 1834
516 1546
1895 1546
1895 1775
976 192
1383 192
1383 976
290 1889
1831 1347
290 1831
290 1347
1889 1347
1383 1831
1383 290
1383 1889
976 1889
192 1889
880 1389
46 409
880 46
880 409
1389 409
186 857
1842 647
857 1842
186 1842
186 647
1389 186
1389 857
1389 1842
409 1842
1383 880
192 880
192 1389
192 186
192 647
1347 647
1453 1831
1453 290
1453 1383
1895 1383
1895 880
1775 880
592 880
592 409
1270 3
137 1270
137 3
717 766
178 1864
717 178
717 1864
766 1864
137 717
1270 717
1270 766
3 766
885 315
1323 982
885 1323
885 982
315 982
816 694
1731 462
816 1731
816 462
694 462
885 816
885 1731
315 1731
315 462
982 462
137 1323
137 885
3 885
3 816
3 694
1864 694
688 1701
655 688
655 1701
1371 1052
401 757
1052 757
1371 757
1371 401
655 1052
655 1371
655 401
1701 401
77 1802
135 298
1802 135
77 135
77 298
27 479
1611 1008
479 1611
479 1008
27 1008
77 27
77 1611
298 1611
135 1611
135 1008
688 1802
1701 1802
1701 77
401 77
757 77
757 27
717 655
178 655
1864 655
1864 688
694 688
462 688
462 135
462 1008
982 1008
1398 137
1107 137
1107 717
1107 655
409 655
1842 655
647 655
647 757
647 27
927 375
1457 927
1457 375
1121 1067
676 1633
1121 676
1067 676
1067 1633
1457 1067
1457 1121
375 1121
375 676
1390 1765
770 370
1390 770
1765 770
1765 370
876 1135
1763 1168
876 1168
876 1763
1135 1763
1390 1135
1390 876
370 876
370 1168
927 770
927 1390
375 1390
676 1390
1633 1390
1633 1135
1112 1635
1306 1112
1306 1635
1782 683
1020 1600
683 1020
683 1600
1782 1600
1306 1020
1635 1020
1635 1782
1360 1627
57 1569
1627 57
1627 1569
1360 1569
568 1272
333 1305
1272 333
1272 1305
1360 568
1627 568
1627 333
1569 333
1569 1305
1112 57
1635 57
1782 57
1782 1360
1782 568
1782 1305
1600 1305
1457 1020
1457 1306
1457 1112
1067 1112
1633 1112
1135 1112
1135 57
1763 57
1763 1569
1168 1569
1168 1305
870 1073
803 870
803 1073
654 1321
1396 904
654 1396
1321 1396
1321 904
803 1321
803 654
1073 654
1073 904
141 432
737 576
141 737
432 737
432 576
1874 634
1408 1580
1874 1408
1874 1580
634 1580
432 1874
432 1408
432 1580
576 1580
870 141
870 432
1073 432
1073 1874
904 1874
904 634
1643 618
196 1643
196 618
1514 519
983 1228
1514 983
519 983
519 1228
196 1514
618 1514
1643 1514
1643 983
1643 1228
1199 101
1209 154
1199 154
1199 1209
101 1209
1677 1446
1586 1890
1677 1586
1677 1890
1446 1890
1199 1677
101 1677
101 1586
154 1586
1643 154
1643 1199
1643 1677
1228 1677
1228 1446
1321 1514
1321 196
1321 1643
634 1643
1580 1643
1580 154
576 154
770 870
770 803
370 803
1168 803
1168 1321
1168 1514
1168 519
1305 519
1305 1228
1831 1457
1831 927
1347 927
1347 770
27 770
27 141
27 737
27 576
1008 576
517 1574
1572 517
1572 1574
1629 1646
666 213
1629 213
1629 666
1646 666
517 1629
1574 1629
1572 1629
1572 1646
1211 1063
118 546
1211 118
1211 546
1063 546
581 128
34 1709
581 34
581 1709
128 1709
1063 128
1063 581
1063 34
546 34
118 34
1572 118
1572 1211
1572 1063
1646 1063
1646 128
213 128
373 1642
950 373
950 1642
797 1778
953 596
797 953
1778 953
1778 596
950 953
950 797
1642 797
1642 1778
373 1778
373 596
1723 1143
413 891
1723 413
1723 891
1143 891
616 180
1426 989
616 1426
180 1426
180 989
1723 616
1143 616
1143 1426
1143 989
891 989
373 1723
373 616
373 180
373 989
596 989
1629 950
213 950
128 950
128 1723
1709 1723
1709 413
34 413
34 891
1685 369
97 1685
97 369
750 968
986 1907
750 986
750 1907
968 1907
97 750
369 750
369 986
369 1907
722 1844
1498 1205
722 1498
722 1205
1844 1205
1055 1474
455 1190
1055 455
1055 1190
1474 1190
1844 1055
1844 455
1205 455
1205 1190
1685 722
369 722
369 1844
369 1055
1907 1055
1907 1474
968 1474
157 1286
826 157
826 1286
193 311
1080 346
193 1080
193 346
311 346
826 193
826 1080
826 346
1286 346
208 78
1497 862
208 1497
78 1497
78 862
1663 1803
806 1127
1663 806
1663 1127
1803 1127
208 1663
208 1803
862 1803
193 78
193 208
311 208
311 806
346 806
346 1127
750 157
968 157
968 826
968 193
1474 193
1474 78
1474 862
1190 862
118 722
118 1685
118 97
118 750
891 750
891 157
891 1286
989 1286
596 1286
1062 1884
1810 1884
1810 1062
380 1637
934 1150
380 1150
1637 1150
1637 934
1810 1637
1062 1637
1062 380
1884 380
1884 1150
1413 1365
1451 1317
1413 1451
1365 1451
1365 1317
64 844
1565 308
64 1565
64 308
844 308
1413 844
1413 64
1365 64
1365 1565
1317 1565
1810 1451
1810 1413
1637 1413
934 1413
1150 1413
1150 844
232 798
1337 232
1337 798
449 1671
1261 656
449 1261
449 656
1671 656
1337 449
1337 1671
798 1671
923 337
609 1861
923 609
923 1861
337 1861
480 1854
879 300
480 879
480 300
1854 300
923 1854
923 480
337 480
337 300
1861 300
232 609
798 609
798 923
798 480
798 1854
656 1854
1884 449
1884 232
1150 232
844 232
308 232
308 609
308 1861
1317 1861
1361 219
201 219
201 1361
301 81
1134 1527
301 1134
81 1134
81 1527
201 301
201 1134
219 1134
1361 1134
1361 1527
691 1725
1157 586
691 1157
1725 1157
1725 586
44 1455
678 1702
1455 1702
44 1702
44 678
691 44
1725 44
1725 1455
1725 1702
586 1702
201 691
1361 691
1361 44
1361 678
1527 678
850 1431
1878 884
850 884
850 1878
1431 1878
701 729
426 1440
701 426
701 1440
729 1440
850 701
1431 701
1431 426
1878 426
1878 1440
884 1440
1905 954
1888 1727
954 1888
954 1727
1905 1727
1590 52
555 782
1590 555
1590 782
52 782
1888 1590
1888 555
1888 782
1727 782
1905 782
850 1905
850 1888
884 1888
884 1590
1440 1590
729 1590
729 52
301 850
81 850
1527 850
678 850
678 1905
1702 1905
1451 201
1317 201
1317 301
1317 850
1861 850
1861 701
300 701
1854 701
1854 729
1854 52
953 1884
953 1810
596 1810
596 1413
596 1451
596 691
596 1157
1127 1157
1803 1157
1803 586
1323 1211
1323 1572
1323 517
982 517
982 1629
982 1884
154 1884
154 449
1890 449
1446 449
1446 656
1549 371
436 1549
436 371
1713 926
1640 955
1713 1640
926 1640
926 955
436 1713
436 1640
371 1640
371 955
553 1688
11 867
553 11
553 867
1688 867
1273 1012
908 1724
1273 908
1012 908
1012 1724
1688 1273
867 1273
11 1273
11 908
1549 11
1549 553
371 553
371 1688
371 1273
371 1012
371 1724
955 1724
1153 1193
1298 1153
1298 1193
912 952
402 1025
912 402
912 1025
952 1025
1153 912
1193 912
1193 402
1193 1025
1110 83
247 1436
1110 247
1110 1436
83 1436
997 1482
639 680
997 639
997 680
1482 680
1110 1482
1110 997
83 997
1436 997
1436 639
1298 247
1298 1110
1025 1110
952 1110
952 1482
436 912
436 1153
1713 1153
1713 1298
955 1298
955 247
955 1436
1724 1436
908 1436
908 639
1526 1115
560 1115
560 1526
564 305
781 1258
564 781
564 1258
305 1258
560 305
560 564
1526 564
1526 781
1526 1258
1115 1258
1729 123
1885 466
1729 466
1729 1885
123 1885
72 1545
1088 557
72 1088
72 557
1545 557
1729 72
123 72
123 557
466 557
1115 466
1115 1729
1115 72
1258 72
305 72
305 1545
1375 493
1167 493
1167 1375
1911 1404
332 1239
1911 1239
1911 332
1404 332
493 1911
1167 1911
1167 1239
1789 1357
53 693
1789 53
1789 693
1357 693
791 1603
917 1539
791 917
791 1539
1603 1539
53 917
53 791
693 791
1357 791
1357 1603
1167 1357
1167 1789
1239 1789
1239 917
1404 917
560 1167
305 1167
1545 1167
1545 1911
1545 1404
557 1404
11 1115
11 560
908 560
639 560
680 560
680 1357
680 1603
1482 1603
1161 63
13 1161
13 63
711 1791
1304 846
711 1304
1791 1304
1791 846
13 711
13 1791
63 1791
63 846
728 1391
907 514
728 514
728 907
1391 907
1554 1201
1461 285
1554 1461
1554 285
1201 285
1391 1554
907 1554
514 1554
514 1461
1161 514
1161 728
1161 1391
1161 1554
846 1554
846 1201
1304 1201
682 422
500 682
500 422
1136 1123
937 146
1136 937
1136 146
1123 146
500 1136
422 1136
682 1136
682 937
1918 1094
420 1192
1918 420
1094 420
1094 1192
1583 741
1319 56
1583 1319
1583 56
741 56
1918 1583
420 1583
1192 1583
1192 1319
1192 56
682 1094
682 1918
937 1918
937 1583
146 1583
1123 1583
1123 741
13 1136
13 500
1304 500
1304 682
1201 682
1201 1094
1201 1192
285 1192
285 56
1461 56
174 1503
453 174
453 1503
783 458
918 893
458 918
783 918
783 893
453 918
453 458
453 783
453 893
1503 893
1548 320
1816 33
320 1816
1548 1816
1548 33
1289 1849
116 278
1289 116
1849 116
1849 278
1816 1289
1816 116
1816 278
33 278
174 1548
1503 1548
1503 1816
1503 1289
1503 1849
893 1849
893 278
1522 452
279 1522
279 452
104 1009
1923 273
104 1923
104 273
1009 273
279 1923
279 104
279 1009
452 1009
777 1281
651 1116
777 651
1281 651
1281 1116
1822 1758
818 267
1822 267
1758 267
1758 818
777 1822
651 1822
1116 1822
1116 267
1522 1281
1522 777
452 777
452 1822
452 1758
273 1758
273 818
1548 279
1548 1522
33 1522
33 1281
33 267
278 267
514 453
1461 453
1461 279
1461 1923
1461 273
1461 818
56 818
912 13
952 13
952 1161
1482 1161
1482 514
1603 514
1539 514
1539 918
1539 893
917 893
1538 1783
611 1538
611 1783
697 889
1728 1898
697 1728
889 1728
889 1898
611 889
611 697
1783 697
1783 1728
886 1441
910 176
886 910
886 176
1441 176
87 1125
164 1872
87 1872
87 164
1125 164
886 87
1441 87
176 87
176 1872
1538 886
1783 886
1783 910
1783 176
1728 176
1728 1872
1898 1872
1173 1493
644 1173
644 1493
459 744
1695 407
744 1695
459 1695
459 407
1173 459
1493 459
1493 1695
1493 407
644 407
224 1478
1175 408
1478 1175
1478 408
224 408
915 1200
709 1654
915 709
1200 709
1200 1654
224 1200
224 915
408 915
1175 915
1175 709
644 1175
644 1478
644 224
644 1200
407 1200
407 1654
611 459
889 459
889 1173
1898 1173
1898 644
1872 644
164 644
164 1175
164 709
1125 709
1035 321
1827 321
1827 1035
1609 562
1618 995
562 1618
1609 1618
1609 995
1827 1618
1827 562
1035 562
1035 1609
1035 995
321 995
974 1334
1265 460
1334 1265
974 1265
974 460
1386 614
89 1336
1386 89
614 89
614 1336
974 89
974 1386
974 614
974 1336
460 1336
1827 1265
321 1265
321 974
321 89
995 89
995 1336
1618 1336
790 75
431 790
431 75
1530 674
297 357
1530 297
1530 357
674 357
431 674
431 297
431 357
75 357
1227 1124
1665 582
1227 1665
1227 582
1124 582
685 970
42 1851
685 42
685 1851
970 1851
1227 685
1124 685
582 685
582 970
790 1665
790 1227
75 1227
75 685
357 685
674 685
674 42
1618 431
1618 790
1618 1665
1618 582
1336 582
1336 970
886 1827
87 1827
1125 1827
1125 431
709 431
709 674
1654 674
417 351
353 351
353 417
653 1551
1868 528
653 1868
653 528
1551 528
351 1868
351 653
351 1551
353 1551
1156 1562
103 981
1562 981
1156 981
1156 103
428 172
1512 482
172 1512
428 1512
428 482
1156 428
1156 172
103 172
103 1512
981 1512
981 482
353 1562
353 1156
353 428
528 428
528 482
1868 482
905 365
395 365
395 905
929 239
610 1254
929 610
239 610
239 1254
395 929
395 239
395 1254
365 1254
615 527
1277 672
615 1277
527 1277
527 672
1647 131
1771 368
1647 368
131 368
131 1771
527 131
527 1647
527 368
672 368
365 615
365 527
365 131
365 1771
1254 1771
1868 395
1868 905
1868 365
1868 615
1868 1277
482 1277
482 672
715 1697
1026 715
1026 1697
40 1346
875 16
40 875
40 16
1346 16
1026 40
1026 875
1026 16
1697 16
784 1542
1602 1465
784 1602
1542 1602
1542 1465
94 1504
1191 207
94 1191
94 207
1504 207
784 1504
1542 1504
1542 94
1542 1191
1542 207
1465 207
715 784
1697 784
16 784
16 1504
1346 1504
940 1537
525 129
940 525
1537 525
1537 129
1405 1138
1672 1369
1405 1369
1405 1672
1138 1672
940 1138
940 1405
1537 1405
129 1405
525 1405
525 1369
942 920
1484 147
942 1484
942 147
920 147
1019 1068
873 1528
1019 873
1019 1528
1068 1528
1484 1019
147 1019
147 873
920 873
920 1528
525 942
525 1484
525 1019
1369 1019
1672 1019
1672 1068
1138 1068
40 940
1346 940
1504 940
1504 942
207 942
207 920
1465 920
1562 715
981 715
981 1026
981 40
672 40
368 40
1771 40
1771 1138
459 351
459 417
459 353
459 1562
459 715
459 784
42 784
42 1602
1851 1602
466 1538
466 611
557 611
278 611
278 395
278 929
267 929
267 610
818 610
818 1254
1020 436
1020 1549
1600 1549
1600 11
656 11
656 1827
52 1827
52 1265
52 460
782 460
1727 460
1117 464
1507 464
597 464
1031 464
1031 912
758 912
888 912
888 1136
888 1123
668 1123
215 1123
1859 1014
126 1014
126 1639
126 958
642 958
1612 958
1612 722
303 722
303 1205
71 1205
230 1205
230 1190
end edges
